1 0 0 0 0 0 0 0 0 0 0 0 0 0
4 4 0 0 0 0 0 0 0 0 0 0 0 0
6 10 2 0 0 0 0 0 0 0 0 0 0 0
10 12 4 0 0 0 0 0 0 0 0 0 0 0
12 12 6 0 0 0 0 0 0 0 0 0 0 0
14 12 8 0 0 0 0 0 0 0 0 0 0 0
16 12 10 0 0 0 0 0 0 0 0 0 0 0
16 12 8 0 0 2 0 0 0 0 0 0 0 0
16 12 8 0 0 6 0 0 0 0 0 0 0 0
16 12 10 0 0 8 0 0 0 0 0 0 0 0
16 14 10 0 0 8 0 0 0 0 0 1 0 0
16 14 10 0 0 12 0 0 0 0 0 0 0 0
18 14 10 0 0 14 0 0 0 0 0 0 0 0
18 14 12 0 0 18 0 0 0 0 0 0 0 0
18 16 12 0 0 22 0 0 0 0 0 0 0 0
18 16 12 0 0 24 0 0 0 0 0 0 0 0
18 20 14 0 0 24 0 0 0 0 0 0 0 0
18 20 14 0 0 26 0 0 0 0 0 0 0 0
18 20 16 0 0 28 0 0 0 0 0 0 0 0
18 20 16 0 0 32 0 0 0 0 0 0 0 0
18 20 16 0 0 32 0 0 0 0 0 4 0 0